0.13836062
0.34888174
0.34180494
0.45624298
0.52395341
0.58294304
0.63544090
0.73519731
0.65225293
0.69686714
0.64513939
0.62269799
0.69757345
0.62925455
0.87400298
0.58635565
0.61965064
0.42276006
0.22478941
0.35412320
0.13936832
0.18866087
0.24104849
0.11534274
0.15869619
0.09851765
0.11456161
0.21501532
0.71242806
2.00632449
0.74580059
1.07244700
0.81919447
1.52343962
0.59970175
0.22898286
0.17619112
0.27949267
0.49257046
0.63066984
0.63789439
0.89097231
0.80004697
1.71458129
0.80699132
2.62371657
0.55452962
0.54288221
0.55988632
0.67586067
1.10226852
1.13686238
0.88024133
0.90741043
0.73776126
0.83350171
0.82268088
0.68888382
0.69414524
0.66931902
0.58787125
0.45579059
0.41773235
0.20120098
0.14350963
0.12979591
0.29471637
0.25689070
0.56998062
0.50141571
0.58736261
0.61895998
0.68014184
0.68628556
0.64961548
0.72928494
0.63838714
0.56774019
0.69115085
0.51856513
0.58127760
0.42300881
0.39304062
0.31572500
0.39331264
0.38677652
0.23534900
0.25263481
0.39614258
0.11947156
0.09442521
0.07419301
0.14429821
0.15850252
0.47894160
0.23559251
0.38360541
0.43544616
0.43797918
0.54856523
0.55726824
0.52997453
0.76399760
0.97162975
0.52178962
1.28755456
1.03724937
1.33261960
0.55920307
1.23718983
0.51633471
0.49368497
0.31298162
0.39180081
0.32352880
0.39059941
0.22880044
0.23988294
0.57085609
0.08457122
0.16061555
0.21209358
0.19146629
0.19563215
0.20076535
0.26693013
0.20573125
0.47397388
0.69869184
0.76238501
1.28639896
0.71641707
1.53290701
0.77434346
1.57758217
1.85300125
0.55090388
0.78292089
1.67805453
0.51681851
0.38997953
0.76565509
0.39505793
0.52618252
0.17288495
0.14267558
0.15071421
0.13789632
0.32387027
0.33362209
0.15501667
0.56560711
0.55979898
1.26011530
0.66137525
1.46191768
0.69592188
1.68586594
0.96593013
1.74569681
0.94371267
1.53165193
0.98346411
1.38787856
0.68406838
1.18410632
1.96274245
0.26324617
0.42458912
0.48478789
0.44335593
0.31062879
0.31189813
0.25587754
0.24596457
0.09935486
0.17410365
0.29281742
0.52468320
0.72512113
1.08627700
1.24255381
0.54909796
0.72219048
0.21669151
0.30855089
0.43752772
0.64856835
0.63686452
1.18122792
1.38805564
0.96189000
1.42096425
0.32641750
0.26366333
0.53543927
0.76827154
1.02704366
0.52109393
0.58789207
0.93887237
0.73719910
1.03411400
0.85820118
0.74817825
0.83457861
1.30031813
0.66621547
1.30941137
0.64599067
0.55842123
0.85646539
0.42783277
0.74995179
0.28784495
0.25059944
0.10614642
0.42014407
0.26201536
0.21539787
0.18339928
0.24489365
0.16117981
0.14912584
0.20829101
0.21804978
0.49733943
0.19657182
0.41072107
0.17902136
0.39068446
0.14497745
0.14997721
0.12696593
0.12838505
0.10895707
0.07337666
0.13646899
0.14180086
0.12382898
0.10814798
0.08239264
0.07158038
0.06980326
0.11434085
0.09632247
0.06774019
0.09498739
0.09494026
