0.60925118
0.61023757
0.58453940
0.49530531
0.65687101
0.56693945
0.67012647
0.57785473
0.62179551
0.63369252
0.65644308
0.62611353
0.58691477
0.57418431
0.52245695
0.43771235
0.43621589
0.37065330
0.28076601
0.24501216
0.21383745
0.19643259
0.11913227
0.10601654
0.17648608
0.10881007
0.19846608
0.24618423
0.26587086
0.35486050
0.34669517
0.35453280
0.39811486
0.38048443
0.47852250
0.42352904
0.48312146
0.52265079
0.54054888
0.53780893
0.60145763
0.59934135
0.64482891
0.57297867
0.68626351
0.68745261
0.66325443
0.65749022
0.66236121
0.62313968
0.56459363
0.50518308
0.42110563
0.45082947
0.29342669
0.22462561
0.19372187
0.15009319
0.23982489
0.30344783
0.35750177
0.57424535
0.50667216
0.51133370
0.64324072
0.59674818
0.67607319
0.60770973
0.55325976
0.52885481
0.51931582
0.47118387
0.33140018
0.33628902
0.29179689
0.30917894
0.28301435
0.17796427
0.11697149
0.14547326
0.09480252
0.14406460
0.07641498
0.18136032
0.06762030
0.08347244
0.15029796
0.04928513
0.05203773
0.08062231
0.10774761
0.14520565
0.13858760
0.23415217
0.22964963
0.30401913
0.29685080
0.35104649
0.47769737
0.49936637
0.53442984
0.58929894
0.73748407
0.71508351
0.71885196
0.67629314
0.76261291
0.54343194
0.51938905
0.52104282
0.36053742
0.29398120
0.24012381
0.19368566
0.11928945
0.09545872
0.06039027
0.04721806
0.06555076
0.17134927
0.34698674
0.33405531
0.40379936
0.44351695
0.52705037
0.57062403
0.57412625
0.62648932
0.69162251
0.73579873
0.75284316
0.72215725
0.71318745
0.72599817
0.68802950
0.71407943
0.64383181
0.66910875
0.69287851
0.57301870
0.63142888
0.53792194
0.55208197
0.52953999
0.49358313
0.60397363
0.48663075
0.20892083
0.32671912
0.15145019
0.25729390
0.25491351
0.11434162
0.14521796
0.16315438
0.41091229
0.41791392
0.37136895
0.32486989
0.47840054
0.46140812
0.53548161
0.50938224
0.51244390
0.55490784
0.53932266
0.62751792
0.66638493
0.60262577
0.68702223
0.70345560
0.76374829
0.69884553
0.74595611
0.74446569
0.68385437
0.71005917
0.63021511
0.60936867
0.47763360
0.54191729
0.40192428
0.38351696
0.21605443
0.23409771
0.13274292
0.08567249
0.07798210
0.18016712
0.09080487
0.05150876
0.11627302
0.08074814
0.07003879
0.06259580
0.08583596
0.06030988
0.06506604
0.07209884
0.03820648
0.04296965
0.06291803
0.05107300
0.05027951
0.07654761
0.05888442
