0.33030539
0.50199992
0.61122848
0.64300624
0.71636467
0.72716845
0.92480080
1.21013974
1.20982478
1.18119993
0.84231764
0.70577443
0.80346488
0.67117033
0.56146524
0.58866643
0.52422837
0.45116659
0.43929472
0.39630633
0.20838761
0.15929425
0.23797375
0.05785443
0.04924471
0.29212551
0.18632044
0.19534772
0.17719311
0.15053986
0.27464674
0.34632541
0.49624082
0.51306476
0.59060191
0.57714408
0.61707470
0.66574907
0.69248591
0.72343962
1.07848116
0.95401859
1.28487884
1.07958212
0.82854843
0.83237516
0.73372548
0.80470622
0.68271194
0.56302004
0.49040818
0.33524232
0.30951539
0.22627501
0.24368885
0.09539558
0.13903344
0.11310618
0.10681619
0.12344419
0.21322095
0.26933930
0.29466881
0.42379157
0.57238144
0.62259976
0.69200034
0.67174841
0.72158416
0.93451609
0.91412758
1.09662187
1.22793930
0.86024168
0.84993316
0.79483047
0.73552093
0.58354419
0.53972785
0.43760221
0.57655437
0.31595796
0.41655933
0.35837318
0.27884186
0.23930214
0.14795988
0.11487306
0.11193188
0.05929577
0.05508880
0.10371683
0.08240423
0.09721305
0.16482241
0.28602421
0.36895855
0.37931396
0.53636078
0.61739746
0.63061260
0.66867919
0.68579525
0.77862201
0.82835503
0.81623033
0.91807879
0.87043768
1.16465956
0.93566410
0.80869693
0.74015324
0.80785237
0.58351054
0.56816399
0.53930003
0.54810932
0.39823211
0.43077898
0.38618725
0.23144490
0.14959373
0.10087274
0.13470203
0.16060045
0.14200744
0.16182041
0.25635831
0.37760906
0.45421395
0.54317753
0.57483804
0.78260012
0.75336245
0.81027320
0.87181823
0.93113116
1.02708419
1.24800749
0.88771069
0.86935964
0.71131526
0.65666655
0.53955767
0.56129353
0.43128279
0.48460298
0.39551844
0.29461645
0.31272680
0.31253140
0.29433303
0.15186708
0.11057619
0.15675267
0.05789804
0.19092066
0.05843029
0.15289498
0.14485346
0.29126138
0.30780677
0.54148136
0.51766913
0.71451328
0.69712416
0.71821449
0.76666026
0.88206564
0.81907047
1.10251673
0.82221743
0.89464793
0.86059577
0.75848987
0.74391858
0.66110836
0.56765508
0.51369221
0.46437066
0.44005977
0.37208962
0.31891181
0.26458147
0.18522876
0.20042757
0.14444358
0.10272596
0.21198036
0.04487571
0.06975814
0.06667385
0.07250053
0.08704952
0.09493154
0.13806070
0.12657311
0.07342450
0.05402838
0.08888428
0.04787473
0.08368836
0.09519548
0.05959345
0.04904702
0.07729182
0.02824616
